Fumador Edad Acti1 Acti2 Acti3 Acti4 Infarto 
0             72   0    1      0    0                0      
1             26   0     0     1     0               1      
0             86   0     0     1     0               0      
0             77   0     0     1     0               0      
0             82   0     1     0     0               0      
0             92   1     0     0     0               0      
0             46   0     0     1     0                0      
1             44   0     0     1     0               1      
1             30  0     1     0     0               1      
1             76   0     0     0     1               1      
0             48   0     0     1     0               0      
0             53   0     0     1     0               0      
0             51   0     0     0     1               0      
1             39   1     0     0     0               1      
0             84   0     0     0     1               0      
1             81   0     0     1     0               0      
0             56   0     0     1     0               0      
1             38   1     0     0     0               1      
0             60   0     0     0     1               0      
0             62   0     1     0     0               0      
0             51   0     1     0     0               1      
0             52   0     1     0     0               0      
0             37   1     0     0     0               1      
1             48   0     1     0     0               0      
