   x1     x2     x3    x4     x5
190.5  152.5  145.0  73.5  136.5
172.5  132.0  125.5  63.0  121.0
167.0  130.0  125.5  69.5  119.5
169.5  150.5  133.5  64.5  128.0
175.0  138.5  126.0  77.5  135.5
177.5  142.5  142.5  71.5  131.0
179.5  142.5  127.5  70.5  134.5
179.5  138.0  133.5  73.5  132.5
173.5  135.5  130.5  70.0  133.5
162.5  139.0  131.0  62.0  126.0
178.5  135.0  136.0  71.0  124.0
171.5  148.5  132.5  65.0  146.5
180.5  139.0  132.0  74.5  134.5
183.0  149.0  121.5  76.5  142.0
169.5  130.0  131.0  68.0  119.0
172.0  140.0  136.0  70.5  133.5
170.0  126.5  134.5  66.0  118.5