32   17   67   112   28   10   17   71
32    9   64   142   32   14    0   66
22   25   66   122   23   12   25   68
18   25   60   101   21   14   12   66
21    0   67   125   20   15    2   67
41    7   65   126   37   14   25   68
21    8   64   123   24   12    0   71
20    7   63   109   20   10   34   69
22    6   62   123   27   12    7   73
20   35   67   125   23   12   50   72
23   25   69   167   21   12   23   71
29   12   65   115   33   13    0   69
31    0   65   125   31   16    0   72
22    7   62   113   23   14   25   78