13.89  3.60  1.36  72.73  0.48   7.83  0.10  0.00
13.53  3.65  1.54  72.99  0.39   7.08  0.12  0.00
13.21  3.78  1.29  72.45  0.37   9.22  0.11  0.00
13.27  3.62  1.24  73.08  0.55   8.07  0.09  0.00
12.79  3.61  1.62  72.97  0.64   8.07  0.08  0.26
13.30  3.60  1.14  73.09  0.58   8.17  0.07  0.00
13.15  3.61  1.05  73.24  0.57   8.24  0.12  0.00
13.54  3.58  1.37  72.08  0.56   8.40  0.25  0.00
13.00  3.60  1.36  72.99  0.57   8.40  0.06  0.11
12.72  3.46  1.56  73.20  0.67   8.09  0.11  0.24
12.33  3.54  1.21  73.00  0.65   8.53  0.19  0.00
13.21  3.48  1.41  72.64  0.59   8.43  0.07  0.00
13.08  3.49  1.28  72.86  0.60   8.49  0.08  0.00
12.65  3.56  1.30  73.08  0.61   8.69  0.09  0.14
12.57  3.47  1.38  74.39  0.60   8.55  0.11  0.06
13.99  3.70  0.71  71.57  0.32   9.82  0.10  0.10
13.21  3.77  0.79  71.99  0.13   9.99  0.08  0.00
13.58  3.35  1.23  72.08  0.59   8.91  0.07  0.00