    1.350       8.10
  465.000     423.00
   36.330     119.50
   27.660     115.00
    1.040       5.50
  187.100     419.00
  521.000     655.00
   10.000     115.00
    3.300      25.60
  529.000     680.00
  207.000     406.00
    6.800     179.00
   35.000      56.00
    0.120       1.00
    0.023       0.40
    2.500      12.10
   55.500     175.00
  100.000     157.00
   52.160     440.00
    0.280       1.90
    0.122       3.00
  192.000     180.00
 2547.000    4603.00
 6654.000    5712.00
11700.000      50.00
 9400.000      70.00
87000.000     154.50
   37.000    2198.67
   35.500    2308.14
   36.000    2781.42
   41.500    2698.95
   42.000    3127.13
   61.000    4420.59
   59.500    6372.90
   47.000    2197.55
   70.000   10410.89