420  15   39   7   2.0
375  19   32   9   2.6
115  20    3    8  1.4
170  25    7   12  1.5
265  20   20    9  2.6
300  18   25    9  2.3
340  20   28    9  2.5
340  19   29    9  2.5
185  23    9    9  2.7
135  22    4   25   .6
 70  11    1   82  6.0
 45   7    1   74  5.4
 90  14    2   38   .8
135  16    5   15   .5
200  19   13    5  1.0
155  16    9  157  1.8
195  16   11   14  1.3
120  17    5  159  0.7
180  22    9  367  2.5
170  25    7    7  1.2
110  23    1   98  2.6