Edad Acti1 Acti2 Acti3 Acti4 Infar1 Infar2 Angi1 Angi2 Presi1 Presi2
52   0     1     0     0      1      0      1     0     1      0
66   0     0     1     0      1      0      1     0     1      0
56   0     0     1     0      1      0      1     0     1      0
57   0     0     1     0      1      0      1     0     1      0
42   0     1     0     0      1      0      1     0     1      0
62   1     0     0     0      1      0      0     1     1      0
46   0     0     1     0      1      0      1     0     1      0
44   0     0     1     0      0      1      1     0     1      0
50   0     1     0     0      0      1      1     0     0      1
76   0     0     0     1      0      1      1     0     0      1
48   0     0     1     0      1      0      1     0     0      1
53   0     0     1     0      1      0      1     0     1      0
51   0     0     0     1      1      0      1     0     1      0
59   1     0     0     0      0      1      1     0     0      1
54   0     0     0     1      1      0      1     0     1      0
41   0     0     1     0      1      0      1     0     1      0
56   0     0     1     0      1      0      0     1     1      0
38   1     0     0     0      0      1      1     0     1      0
40   0     0     0     1      1      0      1     0     1      0
42   0     1     0     0      1      0      1     0     0      1
51   0     1     0     0      0      1      1     0     0      1
52   0     1     0     0      1      0      1     0     1      0
37   1     0     0     0      0      1      1     0     0      1
48   0     1     0     0      1      0      0     1     1      0
35   1     0     0     0      1      0      1     0     1      0
35   0     1     0     0      1      0      0     1     0      1
48   0     0     0     1      0      1      1     0     1      0
52   0     0     1     0      0      1      1     0     0      1
46   0     0     1     0      0      1      1     0     1      0
51   0     0     0     1      0      1      1     0     0      1
52   0     0     1     0      1      0      1     0     1      0
66   0     1     0     0      1      0      1     0     0      1
56   0     0     1     0      1      0      1     0     0      1
57   0     0     1     0      1      0      1     0     1      0
42   0     1     0     0      1      0      1     0     1      0
62   1     0     0     0      1      0      0     1     1      0
46   1     0     0     0      1      0      1     0     1      0
44   0     0     1     0      0      1      1     0     0      1
50   0     1     0     0      0      1      1     0     0      1
76   0     0     0     1      0      1      1     0     0      1
48   0     0     1     0      1      0      1     0     0      1
53   0     0     1     0      0      1      0     1     0      1
51   0     0     0     1      1      0      1     0     1      0
59   1     0     0     0      0      1      1     0     0      1
54   0     0     0     1      1      0      1     0     1      0
41   0     0     1     0      1      0      1     0     1      0
56   0     0     1     0      1      0      0     1     1      0
38   1     0     0     0      0      1      1     0     0      1
40   0     0     0     1      1      0      1     0     1      0
42   0     1     0     0      1      0      1     0     1      0
