Edad Acti1 Acti2 Acti3 Infar1 Angi1 Presi1
52   0     1     0           1            1          1      
66   0     0     1           1            1          1      
56   0     0     1           1            1          1      
57   0     0     1           1            1          1      
42   0     1     0           1            1          1      
62   1     0     0           1            0          1      
46   0     0     1           1            1          1      
44   0     0     1           0            1          1      
50   0     1     0           0            1          0      
76   0     0     0           0            1          0      
48   0     0     1           1            1          0      
53   0     0     1           1            1          1      
51   0     0     0           1            1          1      
59   1     0     0           0            1          0      
54   0     0     0           1            1          1      
41   0     0     1           1            1          1      
56   0     0     1           1            0          1      
38   1     0     0           0            1          1      
40   0     0     0           1            1          1      
42   0     1     0           1            1          0      
51   0     1     0           0            1          0      
52   0     1     0           1            1          1      
37   1     0     0           0            1          0      
48   0     1     0           1            0          1      
35   1     0     0           1            1          1      
35   0     1     0           1            0          0      
48   0     0     0           0            1          1      
52   0     0     1           0            1          0      
46   0     0     1           0            1          1      
51   0     0     0           0            1          0      
52   0     0     1           1            1          1      
66   0     1     0           1            1          0      
56   0     0     1           1            1          0      
57   0     0     1           1            1          1      
42   0     1     0           1            1          1      
62   1     0     0           1            0          1      
46   1     0     0           1            1          1      
44   0     0     1           0            1          0      
50   0     1     0           0            1          0      
76   0     0     0           0            1          0      
48   0     0     1           1            1          0      
53   0     0     1           0            0          0      
51   0     0     0           1            1          1      
59   1     0     0           0            1          0      
54   0     0     0           1            1          1      
41   0     0     1           1            1          1      
56   0     0     1           1            0          1      
38   1     0     0           0            1          0      
40   0     0     0           1            1          1      
42   0     1     0           1            1          1      