Edad Actividad Infarto Angina Presion
52   1     1            1          1      
66   2     1            1          1      
56   2     1            1          1      
57   2     1            1          1      
42   1     1            1          1      
62   0     1            0          1      
46   2     1            1          1      
44   2     0            1          1      
50   1     0            1          0      
76   3     0            1          0      
48   2     1            1          0      
53   2     1            1          1      
51   3     1            1          1      
59   0     0            1          0      
54   3     1            1          1      
41   2     1            1          1      
56   2     1            0          1      
38   0     0            1          1      
40   3     1            1          1      
42   1     1            1          0      
51   1     0            1          0      
52   1     1            1          1      
37   0     0            1          0      
48   1     1            0          1      
35   0     1            1          1      
35   1     1            0          0      
48   3     0            1          1      
52   2     0            1          0      
46   2     0            1          1      
51   3     0            1          0      
52   2     1            1          1      
66   1     1            1          0      
56   2     1            1          0      
57   2     1            1          1      
42   1     1            1          1      
62   0     1            0          1      
46   0     1            1          1      
44   2     0            1          0      
50   1     0            1          0      
76   3     0            1          0      
48   2     1            1          0      
53   2     0            0          0      
51   3     1            1          1      
59   0     0            1          0      
54   3     1            1          1      
41   2     1            1          1      
56   2     1            0          1      
38   0     0            1          0      
40   3     1            1          1      
42   1     1            1          1      