Super   WBC         AG
1        .2300      1
1        .0750      1
1        .4300      1
1        .2600      1
0        .6000      1
1       1.0500      1
1       1.0000      1
0       1.7000      1
0        .5400      1
1        .7000      1
1        .9400      1
0       3.2000      1
0       3.5000      1
0      10.0000      1
0      10.0000      1
0       5.2000      1
1      10.0000      1
1        .4400      0
1        .3000      0
0        .4000      0
0        .1500      0
0        .9000      0
0        .5300      0
0       1.0000      0
0       1.9000      0
0       2.7000      0
0       2.8000      0
0       3.1000      0
0       2.6000      0
0       2.1000      0
0       7.9000      0
0      10.0000      0
0      10.0000      0