Edad    HWC
0.00    230
0.01    238
0.01    169
0.01    186
0.01    179
0.01    259
0.01    165
0.01    263
0.02    269
0.02    179
0.03    291
0.03    326
0.03    419
0.03    387
0.04    376
0.04    464
0.04    305
0.04    348
0.05    267
0.05    330
0.05    563
0.06    335
0.07    297
0.08    328
0.09    276
0.10    319
0.12    554
0.13    333
0.14    377
0.15    259
0.17    216
0.18    260
0.23    128
0.24    342
0.24    194
0.25    219
0.26    193
0.28    262
0.30    96
0.31    361
0.32    197
0.33    192
0.33    204
0.47    231
0.41    238
0.44    216
0.45    254
0.47    184
0.50    186
0.52    264
0.53    257
0.55    204
0.56    159
0.57    208
0.58    209
0.59    157
0.59    204
0.60    141
0.62    214
0.64    156
0.65    305
0.66    154
0.69    192
0.71    226
0.73    152
0.80    149
0.81    395
0.82    173
0.83    172
0.84    138
0.85    177
0.86    156
0.86    204
0.87    148
0.89    195
0.91    180
0.94    225
0.97    204
0.98    131
0.99    174
1.02    189
1.03    161
1.05    219
1.06    184
1.07    152
1.08    191
1.08    151
1.09    172
1.13    184
1.23    241
1.24    190
1.25    160
1.25    218
1.27    165
1.30    162
1.31    108
1.31    270
1.32    173
1.35    183
1.37    183
1.39    136
1.39    121
1.53    110
1.59    127
1.65    134
1.75    143
1.76    115
1.76    165
1.85    251
1.86    163
1.91    154
1.99    186
1.99    183
2.02    132
2.07    111
2.09    110
2.11    125
2.12    148
2.13    168
2.21    128
2.29    122
2.32    147
2.37    97
2.41    142
2.43    139
2.48    95
2.58    146
2.72    121
2.73    106
2.74    108
2.77    104
2.82    99
2.87    96
2.87    217
2.92    118
2.95    118
2.98    130
3.00    113
3.02    90
3.03    183
3.10    146
3.13    115
3.18    73
3.19    116
3.21    86
3.27    116
3.29    83
3.63    103
3.64    125
3.64    132
3.71    179
3.85    107
3.98    86
4.07    125
4.09    86
4.11    60
4.21    126
4.27    127
4.29    102
4.29    107
4.35    84
4.38    99
4.39    73
4.43    136
4.48    123
4.50    75
4.55    118
4.65    77
4.67    103
4.68    169
4.70    85
4.75    97
4.76    106
4.77    64
4.83    88
4.85    88
4.85    96
4.93    66
4.98    79
4.99    63
5.01    131
5.06    88
5.10    92
5.14    92
5.18    84
5.26    105
5.26    86
5.28    87
5.29    80
5.34    75
5.69    76
5.79    87
5.87    88
5.92    114
6.04    66
6.07    106
6.12    55
6.15    87
6.18    68
6.19    97
6.20    68
6.20    57
6.21    85
6.25    55
6.28    86
6.33    98
6.34    77
6.37    68
6.43    66
6.59    70
6.61    63
6.73    68
6.90    88
7.35    80
7.55    68
7.57    57
7.62    71
7.65    67
7.79    65
7.80    77
7.95    58
7.95    64
7.97    65
8.03    41
8.04    80
8.17    68
8.24    64
8.28    83
8.35    73
8.36    56
8.40    51
8.46    69
8.73    77
8.81    54
9.04    59
9.05    50
9.28    52
9.28    61
9.36    63
9.55    63
9.86    71
10.00   74
10.02   50
10.04   59
10.10   60
10.12   48
10.15   99
10.28   54
10.40   50
10.49   61
10.70   62
10.81   55
11.17   55
11.47   59
11.55   97
11.78   61
11.85   75
11.90   41
11.98   77
12.15   81
12.23   45
12.32   58
12.39   54
12.46   57
12.53   31
12.75   64
12.80   70
12.88   57
12.89   39
13.13   44
13.40   50
13.73   37
13.73   91
13.92   47
13.95   36
14.22   41
14.61   79
14.64   33
14.85   66
14.88   19
14.92   30
14.95   57
14.96   32
15.15   53
15.55   32
15.72   42
15.86   60
15.87   97
15.91   34
16.01   32
16.12   25
16.23   20
16.60   40
16.74   43
16.78   28
17.08   22
17.14   47
17.23   25
17.30   22
17.68   23