dañadas total logdosis bloque bloque1 bloque2
10      35    1.52     1      1       0
16      42    1.64     1      1       0
 8      50    1.76     1      1       0
 6      42    1.88     1      1       0
 9      35    2.00     1      1       0
 9      42    2.12     1      1       0
 1      32    2.24     1      1       0
 2      28    2.36     1      1       0
17      38    1.52     2      0       1
10      40    1.64     2      0       1
 8      33    1.76     2      0       1
 8      39    1.88     2      0       1
 5      47    2.00     2      0       1
17      42    2.12     2      0       1
 6      35    2.24     2      0       1
 4      35    2.36     2      0       1
10      34    1.52     3      0       0
10      38    1.64     3      0       0
 5      36    1.76     3      0       0
 3      35    1.88     3      0       0
 2      49    2.00     3      0       0
 1      40    2.12     3      0       0
 3      22    2.24     3      0       0
 2      31    2.36     3      0       0